[[[0.30565713416367246, 0.06399212239246764, 0.0639921249066449, -0.0024448201685190545, 0.0017409926101697511, 0.0017409928020222243, 0.04293087305949572, -2.0141758777361504e-08, -1.1621731483299125], [0.06399212239246764, 0.30565709186571555, 0.06399214457663294, 0.00174099261013419, -0.0024448194251925483, 0.0017409924521713431, 0.04293100211009014, 1.0064713369671352, 0.5810864972079566], [0.0639921249066449, 0.06399214457663294, 0.30565713658637983, 0.001740992802036331, 0.0017409924521416588, -0.002444819960417937, 0.042930942332314766, -1.006471413212695, 0.5810865979560286], [-0.0024448201685190545, 0.00174099261013419, 0.001740992802036331, 0.5293129287940674, 0.10281740036462382, 0.10281740396896258, 0.07336541628798152, -1.3929999285684578e-08, -0.818097924495493], [0.0017409926101697511, -0.0024448194251925483, 0.0017409924521416588, 0.10281740036462382, 0.5293128541155518, 0.10281743871172161, 0.07336564798544669, 0.7084934917941861, 0.40904890786042697], [0.0017409928020222243, 0.0017409924521713431, -0.002444819960417937, 0.10281740396896258, 0.10281743871172161, 0.5293129321861573, 0.07336554045405169, -0.7084935457147328, 0.40904897921177996], [0.04293087305949572, 0.04293100211009014, 0.042930942332314766, 0.07336541628798152, 0.07336564798544669, 0.07336554045405169, 0.039274832404769006, 4.5561213090158027e-07, 8.29130949516607e-07], [-2.0141758777361504e-08, 1.0064713369671352, -1.006471413212695, -1.3929999285684578e-08, 0.7084934917941861, -0.7084935457147328, 4.5561213090158027e-07, 11.586895506759516, -1.514230703349585e-07], [-1.1621731483299125, 0.5810864972079566, 0.5810865979560286, -0.818097924495493, 0.40904890786042697, 0.40904897921177996, 8.29130949516607e-07, -1.514230703349585e-07, 11.586895363551362]], [0.0, 2.842170943040401e-14, 0.0, 5.684341886080802e-14, 0.0, 2.842170943040401e-14, 0.0, -2.612501959136311e-06, -4.874998973993236e-06]]