[[[[0.2820318707664664, 0.07561332402142275, 0.07561753282050539, -0.014538100532267234, 0.008066637071733631, 0.008065584596738437, 0.05401047120410994, -7.955270158297572e-05, -0.7695401477393478], [0.07561332402142275, 0.2820404539234872, 0.07562352812293192, 0.008092807952353592, -0.014518147036848348, 0.00808869497097079, 0.054115309767950114, 0.6664487864088785, 0.3850279098601645], [0.07561753282050539, 0.07562352812293192, 0.28204407118549085, 0.008107749443665447, 0.00810514009187268, -0.01451239244002658, 0.054121865675299224, -0.6666778005750221, 0.38505563104547924], [-0.014538100532267234, 0.008092807952353592, 0.008107749443665447, 0.5114074677979217, 0.1138229931719684, 0.1138289371994625, 0.10704260049574106, -8.042151803203304e-05, -0.5117620350287315], [0.008066637071733631, -0.014518147036848348, 0.00810514009187268, 0.1138229931719684, 0.5114446466077985, 0.11384855108428203, 0.10716828807467606, 0.44330263407780557, 0.2563474745925003], [0.008065584596738437, 0.00808869497097079, -0.01451239244002658, 0.1138289371994625, 0.11384855108428203, 0.5114486217261547, 0.10716501995278416, -0.4435705524353042, 0.2563704524690246], [0.05401047120410994, 0.054115309767950114, 0.054121865675299224, 0.10704260049574106, 0.10716828807467606, 0.10716501995278416, 3.376457835877831, -0.0006397253018481603, 3.442127947238058e-05], [-7.955270158297572e-05, 0.6664487864088785, -0.6666778005750221, -8.042151803203304e-05, 0.44330263407780557, -0.4435705524353042, -0.0006397253018481603, 7.654353114034573, -0.00038140108182062386], [-0.7695401477393478, 0.3850279098601645, 0.38505563104547924, -0.5117620350287315, 0.2563474745925003, 0.2563704524690246, 3.442127947238058e-05, -0.00038140108182062386, 7.655651650265164]], [11.872116142515894, 11.870408423933938, 11.869822515408238, 11.893098477151268, 11.891705469532356, 11.891803900883978, -9.719685505030562, -0.003554288575791302, -0.00039874945076280284], [15.788309907843646, 15.786968592441436, 15.786821291648836, 15.688069146857828, 15.686891273091941, 15.687574225789579, 0.0, 0.0, 0.0]], [[[0.012067591643775842, 0.007482074227673536, 0.007485064645724866, 0.010257242303967538, 0.008678269168238854, 0.008641222830685587, 0.357749894425348, 0.08817084473968409, 0.17103236895010118], [0.007482074227673536, 0.012078995481139646, 0.007487020013028097, 0.008704326328902714, 0.010271363285073642, 0.008615292898101236, 0.35778446110703416, 0.15460963959947316, 0.11479218289591396], [0.007485064645724866, 0.007487020013028097, 0.012074010964302481, 0.008691303771400172, 0.008637875726298438, 0.01024852566855836, 0.3577499593318308, 0.1545856649956396, 0.11488180233436517], [0.010257242303967538, 0.008704326328902714, 0.008691303771400172, 0.02450654486374829, 0.012926303354613543, 0.012935771577738278, 0.3305690828735393, 0.15001631246934571, 0.17513751542127487], [0.008678269168238854, 0.010271363285073642, 0.008637875726298438, 0.012926303354613543, 0.02454447505115833, 0.01293942430995711, 0.33061168152337417, 0.1691356632548445, 0.1570095856158503], [0.008641222830685587, 0.008615292898101236, 0.01024852566855836, 0.012935771577738278, 0.01293942430995711, 0.024511968790894723, 0.3307009116282381, 0.16903062303616231, 0.15678707306176073], [0.357749894425348, 0.35778446110703416, 0.3577499593318308, 0.3305690828735393, 0.33061168152337417, 0.3307009116282381, 1.8615117490299002, 2.550799043554913, 2.5497331581469362], [0.08817084473968409, 0.15460963959947316, 0.1545856649956396, 0.15001631246934571, 0.1691356632548445, 0.16903062303616231, 2.550799043554913, 2.3490564865256154, 1.8867107709720825], [0.17103236895010118, 0.11479218289591396, 0.11488180233436517, 0.17513751542127487, 0.1570095856158503, 0.15678707306176073, 2.5497331581469362, 1.8867107709720825, 2.3504211000216717]], [6.073362498158558, 6.073941454049618, 6.074207989952143, 6.044368116584452, 6.045936125458106, 6.044944648410013, 11.616191030286375, 36.131376505815034, 36.12843946925189], [7.729886693928782, 7.730681379125183, 7.731052274128277, 7.844005437314107, 7.846022770641587, 7.844958517403503, 0.0, 0.0, 0.0]], [[[0.2820318707664664, 0.07561332402142275, 0.07561753282050539, -0.014538100532267234, 0.008066637071733631, 0.008065584596738437, 0.05401047120410994, -7.955270158297572e-05, -0.7695401477393478], [0.07561332402142275, 0.2820404539234872, 0.07562352812293192, 0.008092807952353592, -0.014518147036848348, 0.00808869497097079, 0.054115309767950114, 0.6664487864088785, 0.3850279098601645], [0.07561753282050539, 0.07562352812293192, 0.28204407118549085, 0.008107749443665447, 0.00810514009187268, -0.01451239244002658, 0.054121865675299224, -0.6666778005750221, 0.38505563104547924], [-0.014538100532267234, 0.008092807952353592, 0.008107749443665447, 0.5114074677979217, 0.1138229931719684, 0.1138289371994625, 0.10704260049574106, -8.042151803203304e-05, -0.5117620350287315], [0.008066637071733631, -0.014518147036848348, 0.00810514009187268, 0.1138229931719684, 0.5114446466077985, 0.11384855108428203, 0.10716828807467606, 0.44330263407780557, 0.2563474745925003], [0.008065584596738437, 0.00808869497097079, -0.01451239244002658, 0.1138289371994625, 0.11384855108428203, 0.5114486217261547, 0.10716501995278416, -0.4435705524353042, 0.2563704524690246], [0.05401047120410994, 0.054115309767950114, 0.054121865675299224, 0.10704260049574106, 0.10716828807467606, 0.10716501995278416, 3.376457835877831, -0.0006397253018481603, 3.442127947238058e-05], [-7.955270158297572e-05, 0.6664487864088785, -0.6666778005750221, -8.042151803203304e-05, 0.44330263407780557, -0.4435705524353042, -0.0006397253018481603, 7.654353114034573, -0.00038140108182062386], [-0.7695401477393478, 0.3850279098601645, 0.38505563104547924, -0.5117620350287315, 0.2563474745925003, 0.2563704524690246, 3.442127947238058e-05, -0.00038140108182062386, 7.655651650265164]], [11.872116142515894, 11.870408423933938, 11.869822515408238, 11.893098477151268, 11.891705469532356, 11.891803900883978, -9.719685505030562, -0.003554288575791302, -0.00039874945076280284]], [[[0.012067591643775842, 0.007482074227673536, 0.007485064645724866, 0.010257242303967538, 0.008678269168238854, 0.008641222830685587, 0.357749894425348, 0.08817084473968409, 0.17103236895010118], [0.007482074227673536, 0.012078995481139646, 0.007487020013028097, 0.008704326328902714, 0.010271363285073642, 0.008615292898101236, 0.35778446110703416, 0.15460963959947316, 0.11479218289591396], [0.007485064645724866, 0.007487020013028097, 0.012074010964302481, 0.008691303771400172, 0.008637875726298438, 0.01024852566855836, 0.3577499593318308, 0.1545856649956396, 0.11488180233436517], [0.010257242303967538, 0.008704326328902714, 0.008691303771400172, 0.02450654486374829, 0.012926303354613543, 0.012935771577738278, 0.3305690828735393, 0.15001631246934571, 0.17513751542127487], [0.008678269168238854, 0.010271363285073642, 0.008637875726298438, 0.012926303354613543, 0.02454447505115833, 0.01293942430995711, 0.33061168152337417, 0.1691356632548445, 0.1570095856158503], [0.008641222830685587, 0.008615292898101236, 0.01024852566855836, 0.012935771577738278, 0.01293942430995711, 0.024511968790894723, 0.3307009116282381, 0.16903062303616231, 0.15678707306176073], [0.357749894425348, 0.35778446110703416, 0.3577499593318308, 0.3305690828735393, 0.33061168152337417, 0.3307009116282381, 1.8615117490299002, 2.550799043554913, 2.5497331581469362], [0.08817084473968409, 0.15460963959947316, 0.1545856649956396, 0.15001631246934571, 0.1691356632548445, 0.16903062303616231, 2.550799043554913, 2.3490564865256154, 1.8867107709720825], [0.17103236895010118, 0.11479218289591396, 0.11488180233436517, 0.17513751542127487, 0.1570095856158503, 0.15678707306176073, 2.5497331581469362, 1.8867107709720825, 2.3504211000216717]], [6.073362498158558, 6.073941454049618, 6.074207989952143, 6.044368116584452, 6.045936125458106, 6.044944648410013, 11.616191030286375, 36.131376505815034, 36.12843946925189]]]